2019   1   1      4938885.0
2019   1   2      4790559.0
2019   1   3      4605063.0
2019   1   4      4424007.0
2019   1   5      4305181.0
2019   1   6      4229244.0
2019   1   7      4188379.0
2019   1   8      4147514.0
2019   1   9      4029946.0
2019   1  10      3889524.0
2019   1  11      3731625.0
2019   1  12      3700945.0
2019   1  13      3670265.0
2019   1  14      3639585.0
2019   1  15      3600497.0
2019   1  16      3561408.0
2019   1  17      3522320.0
2019   1  18      3483231.0
2019   1  19      3394367.0
2019   1  20      3292147.0
2019   1  21      3250273.0
2019   1  22      3208399.0
2019   1  23      3178033.0
2019   1  24      3147667.0
2019   1  25      3117300.0
2019   1  26      3049661.0
2019   1  27      3033307.0
2019   1  28      3016952.0
2019   1  29      3000597.0
2019   1  30      2958455.0
2019   1  31      2962120.0
2019   2   1      2879329.0
2019   2   2      2868418.0
2019   2   3      2865920.0
2019   2   4      2863422.0
2019   2   5      2807978.0
2019   2   6      2816982.0
2019   2   7      2825987.0
2019   2   8      2788269.0
2019   2   9      2749567.0
2019   2  10      2766726.0
2019   2  11      2783886.0
2019   2  12      2724517.0
2019   2  13      2670448.0
2019   2  14      2616378.0
2019   2  15      2591794.0
2019   2  16      2582838.0
2019   2  17      2595592.0
2019   2  18      2629809.0
2019   2  19      2626533.0
2019   2  20      2604345.0
2019   2  21      2582157.0
2019   2  22      2577166.0
2019   2  23      2547393.0
2019   2  24      2570639.0
2019   2  25      2576516.0
2019   2  26      2582394.0
2019   2  27      2565972.0
2019   2  28      2578033.0
2019   3   1      2590094.0
2019   3   2      2619594.0
2019   3   3      2618712.0
2019   3   4      2678744.0
2019   3   5      2682739.0
2019   3   6      2686734.0
2019   3   7      2713165.0
2019   3   8      2762982.0
2019   3   9      2803552.0
2019   3  10      2844122.0
2019   3  11      2897755.0
2019   3  12      2933568.0
2019   3  13      3019031.0
2019   3  14      3039367.0
2019   3  15      3059704.0
2019   3  16      3121272.0
2019   3  17      3182841.0
2019   3  18      3244581.0
2019   3  19      3306321.0
2019   3  20      3368062.0
2019   3  21      3420782.0
2019   3  22      3523186.0
2019   3  23      3613159.0
2019   3  24      3655256.0
2019   3  25      3744249.0
2019   3  26      3861414.0
2019   3  27      3908042.0
2019   3  28      3984089.0
2019   3  29      4060136.0
2019   3  30      4124538.0
2019   3  31      4239422.0
2019   4   1      4300414.0
2019   4   2      4416670.0
2019   4   3      4479738.0
2019   4   4      4560066.0
2019   4   5      4717938.0
2019   4   6      4845297.0
2019   4   7      4939178.0
2019   4   8      4992322.0
2019   4   9      5103702.0
2019   4  10      5215082.0
2019   4  11      5353632.0
2019   4  12      5436090.0
2019   4  13      5566876.0
2019   4  14      5651769.0
2019   4  15      5783009.0
2019   4  16      5897336.0
2019   4  17      6000845.0
2019   4  18      6054065.0
2019   4  19      6107286.0
2019   4  20      6185225.0
2019   4  21      6213467.0
2019   4  22      6234941.0
2019   4  23      6366133.0
2019   4  24      6516326.0
2019   4  25      6588188.0
2019   4  26      6695559.0
2019   4  27      6799158.0
2019   4  28      6884524.0
2019   4  29      6969502.0
2019   4  30      7091637.0
2019   5   1      7164925.0
2019   5   2      7229584.0
2019   5   3      7368623.0
2019   5   4      7581269.0
2019   5   5      7658091.0
2019   5   6      7719817.0
2019   5   7      7877780.0
2019   5   8      7966573.0
2019   5   9      8079643.0
2019   5  10      8200605.0
2019   5  11      8338866.0
2019   5  12      8411958.0
2019   5  13      8538191.0
2019   5  14      8653888.0
2019   5  15      8706737.0
2019   5  16      8847877.0
2019   5  17      9024426.0
2019   5  18      9171790.0
2019   5  19      9282233.0
2019   5  20      9391553.0
2019   5  21      9507675.0
2019   5  22      9606456.0
2019   5  23      9738763.0
2019   5  24      9859173.0
2019   5  25      9946398.0
2019   5  26     10000884.0
2019   5  27     10073925.0
2019   5  28     10109373.0
2019   5  29     10236668.0
2019   5  30     10406840.0
2019   5  31     10492981.0
2019   6   1     10619030.0
2019   6   2     10739825.0
2019   6   3     10844044.0
2019   6   4     10994514.0
2019   6   5     11135733.0
2019   6   6     11313403.0
2019   6   7     11452865.0
2019   6   8     11571336.0
2019   6   9     11625701.0
2019   6  10     11687096.0
2019   6  11     11768568.0
2019   6  12     11944474.0
2019   6  13     12055978.0
2019   6  14     12133385.0
2019   6  15     12176364.0
2019   6  16     12264375.0
2019   6  17     12335394.0
2019   6  18     12481922.0
2019   6  19     12641381.0
2019   6  20     12790286.0
2019   6  21     12909752.0
2019   6  22     13040531.0
2019   6  23     13171314.0
2019   6  24     13252694.0
2019   6  25     13447989.0
2019   6  26     13614301.0
2019   6  27     13660837.0
2019   6  28     13747314.0
2019   6  29     13828953.0
2019   6  30     13910584.0
2019   7   1     13974186.0
2019   7   2     14017427.0
2019   7   3     14107991.0
2019   7   4     14237286.0
2019   7   5     14352649.0
2019   7   6     14421735.0
2019   7   7     14446306.0
2019   7   8     14572373.0
2019   7   9     14639722.0
2019   7  10     14769463.0
2019   7  11     14900855.0
2019   7  12     15029947.0
2019   7  13     15098094.0
2019   7  14     15201592.0
2019   7  15     15366852.0
2019   7  16     15483725.0
2019   7  17     15734925.0
2019   7  18     15827089.0
2019   7  19     15769304.0
2019   7  20     15725437.0
2019   7  21     15768578.0
2019   7  22     15869594.0
2019   7  23     15918988.0
2019   7  24     15962440.0
2019   7  25     16110410.0
2019   7  26     16128055.0
2019   7  27     16242205.0
2019   7  28     16395757.0
2019   7  29     16466254.0
2019   7  30     16484636.0
2019   7  31     16525136.0
2019   8   1     16589212.0
2019   8   2     16681734.0
2019   8   3     16753702.0
2019   8   4     16734576.0
2019   8   5     16825980.0
2019   8   6     17008426.0
2019   8   7     17088796.0
2019   8   8     17148756.0
2019   8   9     17181064.0
2019   8  10     17210258.0
2019   8  11     17273512.0
2019   8  12     17370814.0
2019   8  13     17391556.0
2019   8  14     17400950.0
2019   8  15     17478998.0
2019   8  16     17491828.0
2019   8  17     17508430.0
2019   8  18     17525578.0
2019   8  19     17617298.0
2019   8  20     17629628.0
2019   8  21     17611166.0
2019   8  22     17630234.0
2019   8  23     17782646.0
2019   8  24     17885420.0
2019   8  25     17953210.0
2019   8  26     17942506.0
2019   8  27     18013518.0
2019   8  28     18018486.0
2019   8  29     18033220.0
2019   8  30     18038304.0
2019   8  31     18128008.0
2019   9   1     18190357.0
2019   9   2     18252706.0
2019   9   3     18315056.0
2019   9   4     18378476.0
2019   9   5     18352338.0
2019   9   6     18287774.0
2019   9   7     18263212.0
2019   9   8     18231852.0
2019   9   9     18257470.0
2019   9  10     18283089.0
2019   9  11     18308708.0
2019   9  12     18303160.0
2019   9  13     18299588.0
2019   9  14     18298896.0
2019   9  15     18348568.0
2019   9  16     18425870.0
2019   9  17     18396840.0
2019   9  18     18292416.0
2019   9  19     18230576.0
2019   9  20     18187968.0
2019   9  21     18145359.0
2019   9  22     18102750.0
2019   9  23     18379978.0
2019   9  24     18397100.0
2019   9  25     18431228.0
2019   9  26     18474518.0
2019   9  27     18412186.0
2019   9  28     18395752.0
2019   9  29     18438188.0
2019   9  30     18452676.0
2019  10   1     18400282.0
2019  10   2     18357230.0
2019  10   3     18337734.0
2019  10   4     18390676.0
2019  10   5     18351516.0
2019  10   6     18328918.0
2019  10   7     18362138.0
2019  10   8     18331828.0
2019  10   9     18278144.0
2019  10  10     18224740.0
2019  10  11     18265398.0
2019  10  12     18240006.0
2019  10  13     18177480.0
2019  10  14     18187398.0
2019  10  15     18132678.0
2019  10  16     18100744.0
2019  10  17     18049314.0
2019  10  18     17950696.0
2019  10  19     17833118.0
2019  10  20     17760202.0
2019  10  21     17731226.0
2019  10  22     17577236.0
2019  10  23     17556828.0
2019  10  24     17465730.0
2019  10  25     17290860.0
2019  10  26     17262246.0
2019  10  27     17221896.0
2019  10  28     17067096.0
2019  10  29     16993260.0
2019  10  30     16868016.0
2019  10  31     16836940.0
2019  11   1     16753335.0
2019  11   2     16632479.0
2019  11   3     16485325.0
2019  11   4     16368829.0
2019  11   5     16160743.0
2019  11   6     16005232.0
2019  11   7     15926329.0
2019  11   8     15836325.0
2019  11   9     15725385.0
2019  11  10     15547085.0
2019  11  11     15418696.0
2019  11  12     15185079.0
2019  11  13     15024341.0
2019  11  14     14964683.0
2019  11  15     14864479.0
2019  11  16     14742599.0
2019  11  17     14695484.0
2019  11  18     14589539.0
2019  11  19     14408850.0
2019  11  20     14166741.0
2019  11  21     14084076.0
2019  11  22     13888219.0
2019  11  23     13777633.0
2019  11  24     13553500.0
2019  11  25     13396746.0
2019  11  26     13151352.0
2019  11  27     13017790.0
2019  11  28     12950522.0
2019  11  29     12765483.0
2019  11  30     12631109.0
2019  12   1     12380105.0
2019  12   2     12188217.0
2019  12   3     11963352.0
2019  12   4     11801388.0
2019  12   5     11468853.0
   0   0   0            0.0
   0   0   0            0.0
   0   0   0            0.0
   0   0   0            0.0
   0   0   0            0.0
   0   0   0            0.0
   0   0   0            0.0
   0   0   0            0.0
   0   0   0            0.0
   0   0   0            0.0
   0   0   0            0.0
   0   0   0            0.0
   0   0   0            0.0
   0   0   0            0.0
   0   0   0            0.0
   0   0   0            0.0
   0   0   0            0.0
   0   0   0            0.0
   0   0   0            0.0
   0   0   0            0.0
   0   0   0            0.0
   0   0   0            0.0
   0   0   0            0.0
   0   0   0            0.0
   0   0   0            0.0
   0   0   0            0.0
