2019   1   1     12654264.0
2019   1   2     12725346.0
2019   1   3     12821005.0
2019   1   4     12920798.0
2019   1   5     12988816.0
2019   1   6     13046745.0
2019   1   7     13011903.0
2019   1   8     13097202.0
2019   1   9     13195331.0
2019   1  10     13276532.0
2019   1  11     13160392.0
2019   1  12     13099162.0
2019   1  13     13112450.0
2019   1  14     13218145.0
2019   1  15     13360265.0
2019   1  16     13377003.0
2019   1  17     13467263.0
2019   1  18     13516555.0
2019   1  19     13588495.0
2019   1  20     13678450.0
2019   1  21     13804963.0
2019   1  22     13711656.0
2019   1  23     13692315.0
2019   1  24     13786302.0
2019   1  25     13801983.0
2019   1  26     13793587.0
2019   1  27     13826181.0
2019   1  28     13858776.0
2019   1  29     13891371.0
2019   1  30     13959773.0
2019   1  31     13916402.0
2019   2   1     13842048.0
2019   2   2     13812351.0
2019   2   3     13746250.0
2019   2   4     13856925.0
2019   2   5     13900239.0
2019   2   6     13982550.0
2019   2   7     13937148.0
2019   2   8     14006512.0
2019   2   9     14072406.0
2019   2  10     14005763.0
2019   2  11     14088902.0
2019   2  12     14074169.0
2019   2  13     14223649.0
2019   2  14     14361556.0
2019   2  15     14213338.0
2019   2  16     14248855.0
2019   2  17     14262503.0
2019   2  18     14284160.0
2019   2  19     14360238.0
2019   2  20     14481358.0
2019   2  21     14533966.0
2019   2  22     14579567.0
2019   2  23     14436729.0
2019   2  24     14384726.0
2019   2  25     14431760.0
2019   2  26     14324395.0
2019   2  27     14271446.0
2019   2  28     14219228.0
2019   3   1     14213554.0
2019   3   2     14233047.0
2019   3   3     14326508.0
2019   3   4     14406626.0
2019   3   5     14405724.0
2019   3   6     14381048.0
2019   3   7     14347744.0
2019   3   8     14416589.0
2019   3   9     14468785.0
2019   3  10     14503948.0
2019   3  11     14693775.0
2019   3  12     14694691.0
2019   3  13     14608405.0
2019   3  14     14541611.0
2019   3  15     14545252.0
2019   3  16     14585086.0
2019   3  17     14463957.0
2019   3  18     14432964.0
2019   3  19     14401971.0
2019   3  20     14370977.0
2019   3  21     14470139.0
2019   3  22     14512066.0
2019   3  23     14389967.0
2019   3  24     14185773.0
2019   3  25     14074702.0
2019   3  26     13977877.0
2019   3  27     13943596.0
2019   3  28     13940324.0
2019   3  29     13912592.0
2019   3  30     13706770.0
2019   3  31     13727739.0
2019   4   1     13657012.0
2019   4   2     13598189.0
2019   4   3     13511943.0
2019   4   4     13562624.0
2019   4   5     13451242.0
2019   4   6     13328421.0
2019   4   7     13275314.0
2019   4   8     13345788.0
2019   4   9     13378489.0
2019   4  10     13399029.0
2019   4  11     13357517.0
2019   4  12     13289552.0
2019   4  13     13277639.0
2019   4  14     13308531.0
2019   4  15     13264299.0
2019   4  16     13254032.0
2019   4  17     13167180.0
2019   4  18     13101921.0
2019   4  19     13135030.0
2019   4  20     13102576.0
2019   4  21     13039712.0
2019   4  22     13022056.0
2019   4  23     12960918.0
2019   4  24     13035146.0
2019   4  25     13013374.0
2019   4  26     12988630.0
2019   4  27     12943483.0
2019   4  28     12861021.0
2019   4  29     12783789.0
2019   4  30     12750845.0
2019   5   1     12672304.0
2019   5   2     12619899.0
2019   5   3     12557657.0
2019   5   4     12525249.0
2019   5   5     12381787.0
2019   5   6     12344533.0
2019   5   7     12397002.0
2019   5   8     12401098.0
2019   5   9     12342864.0
2019   5  10     12240588.0
2019   5  11     12266300.0
2019   5  12     12171282.0
2019   5  13     12128867.0
2019   5  14     12042334.0
2019   5  15     11975100.0
2019   5  16     11919881.0
2019   5  17     11865009.0
2019   5  18     11804732.0
2019   5  19     11683622.0
2019   5  20     11609794.0
2019   5  21     11594610.0
2019   5  22     11576169.0
2019   5  23     11478433.0
2019   5  24     11419673.0
2019   5  25     11398845.0
2019   5  26     11289528.0
2019   5  27     11296369.0
2019   5  28     11231161.0
2019   5  29     11180306.0
2019   5  30     11026103.0
2019   5  31     10916525.0
2019   6   1     10817643.0
2019   6   2     10707328.0
2019   6   3     10732589.0
2019   6   4     10653225.0
2019   6   5     10620211.0
2019   6   6     10553821.0
2019   6   7     10459745.0
2019   6   8     10471141.0
2019   6   9     10414981.0
2019   6  10     10332501.0
2019   6  11     10313770.0
2019   6  12     10269458.0
2019   6  13     10322792.0
2019   6  14     10368902.0
2019   6  15     10250631.0
2019   6  16     10190736.0
2019   6  17     10107782.0
2019   6  18     10039992.0
2019   6  19      9996167.0
2019   6  20      9872151.0
2019   6  21      9831934.0
2019   6  22      9726192.0
2019   6  23      9656144.0
2019   6  24      9483188.0
2019   6  25      9355449.0
2019   6  26      9278061.0
2019   6  27      9128925.0
2019   6  28      9068414.0
2019   6  29      8986491.0
2019   6  30      8917726.0
2019   7   1      8734988.0
2019   7   2      8638543.0
2019   7   3      8502280.0
2019   7   4      8471838.0
2019   7   5      8400495.0
2019   7   6      8218561.0
2019   7   7      8120958.0
2019   7   8      7913547.0
2019   7   9      7734211.0
2019   7  10      7621650.0
2019   7  11      7559343.0
2019   7  12      7499573.0
2019   7  13      7369142.0
2019   7  14      7338493.0
2019   7  15      7200133.0
2019   7  16      7182575.0
2019   7  17      7043563.0
2019   7  18      6933769.0
2019   7  19      6820833.0
2019   7  20      6793021.0
2019   7  21      6605453.0
2019   7  22      6550635.0
2019   7  23      6501508.0
2019   7  24      6326838.0
2019   7  25      6227570.0
2019   7  26      6085813.0
2019   7  27      6007472.0
2019   7  28      5870550.0
2019   7  29      5763359.0
2019   7  30      5603897.0
2019   7  31      5540560.0
2019   8   1      5419371.0
2019   8   2      5375996.0
2019   8   3      5242354.0
2019   8   4      5212374.0
2019   8   5      5112096.0
2019   8   6      5011817.0
2019   8   7      4971792.0
2019   8   8      4887160.0
2019   8   9      4824775.0
2019   8  10      4735304.0
2019   8  11      4670976.0
2019   8  12      4611656.0
2019   8  13      4555775.0
2019   8  14      4497533.0
2019   8  15      4492408.0
2019   8  16      4444525.0
2019   8  17      4394926.0
2019   8  18      4343865.0
2019   8  19      4292803.0
2019   8  20      4241741.0
2019   8  21      4227072.0
2019   8  22      4227768.0
2019   8  23      4223648.0
2019   8  24      4211547.0
2019   8  25      4210774.0
2019   8  26      4134045.0
2019   8  27      4129955.0
2019   8  28      4157895.0
2019   8  29      4138211.0
2019   8  30      4129235.0
2019   8  31      4100665.0
2019   9   1      3990388.0
2019   9   2      3925224.0
2019   9   3      3820044.0
2019   9   4      3844535.0
2019   9   5      3867673.0
2019   9   6      3890811.0
2019   9   7      3936382.0
2019   9   8      3928831.0
2019   9   9      3942926.0
2019   9  10      3944274.0
2019   9  11      3943143.0
2019   9  12      3913610.0
2019   9  13      3849606.0
2019   9  14      3803512.0
2019   9  15      3766957.0
2019   9  16      3828527.0
2019   9  17      3770099.0
2019   9  18      3787901.0
2019   9  19      3896276.0
2019   9  20      3914637.0
2019   9  21      3932998.0
2019   9  22      3957659.0
2019   9  23      4079590.0
2019   9  24      4093886.0
2019   9  25      4140963.0
2019   9  26      4172737.0
2019   9  27      4195545.0
2019   9  28      4230268.0
2019   9  29      4266865.0
2019   9  30      4330928.0
2019  10   1      4447857.0
2019  10   2      4478801.0
2019  10   3      4465515.0
2019  10   4      4492035.0
2019  10   5      4536206.0
2019  10   6      4598352.0
2019  10   7      4599474.0
2019  10   8      4600596.0
2019  10   9      4601719.0
2019  10  10      4673340.0
2019  10  11      4727750.0
2019  10  12      4796561.0
2019  10  13      4830852.0
2019  10  14      4891355.0
2019  10  15      4968058.0
2019  10  16      5076846.0
2019  10  17      5185635.0
2019  10  18      5294424.0
2019  10  19      5439623.0
2019  10  20      5540194.0
2019  10  21      5640765.0
2019  10  22      5753441.0
2019  10  23      5916299.0
2019  10  24      6058488.0
2019  10  25      6283443.0
2019  10  26      6550927.0
2019  10  27      6773900.0
2019  10  28      7025269.0
2019  10  29      7276639.0
2019  10  30      7447878.0
2019  10  31      7598794.0
2019  11   1      7785485.0
2019  11   2      7972176.0
2019  11   3      8123840.0
2019  11   4      8206441.0
2019  11   5      8349224.0
2019  11   6      8492855.0
2019  11   7      8591202.0
2019  11   8      8687023.0
2019  11   9      8722909.0
2019  11  10      8772176.0
2019  11  11      8914555.0
2019  11  12      9007967.0
2019  11  13      9106942.0
2019  11  14      9194048.0
2019  11  15      9235350.0
2019  11  16      9311100.0
2019  11  17      9352611.0
2019  11  18      9468959.0
2019  11  19      9625812.0
2019  11  20      9664805.0
2019  11  21      9813407.0
2019  11  22      9911766.0
2019  11  23      9975083.0
2019  11  24     10000011.0
2019  11  25     10094546.0
2019  11  26     10109572.0
2019  11  27     10102088.0
2019  11  28     10235403.0
2019  11  29     10381654.0
2019  11  30     10409269.0
2019  12   1     10478088.0
2019  12   2     10503533.0
2019  12   3     10619081.0
2019  12   4     10737589.0
2019  12   5     10818232.0
   0   0   0            0.0
   0   0   0            0.0
   0   0   0            0.0
   0   0   0            0.0
   0   0   0            0.0
   0   0   0            0.0
   0   0   0            0.0
   0   0   0            0.0
   0   0   0            0.0
   0   0   0            0.0
   0   0   0            0.0
   0   0   0            0.0
   0   0   0            0.0
   0   0   0            0.0
   0   0   0            0.0
   0   0   0            0.0
   0   0   0            0.0
   0   0   0            0.0
   0   0   0            0.0
   0   0   0            0.0
   0   0   0            0.0
   0   0   0            0.0
   0   0   0            0.0
   0   0   0            0.0
   0   0   0            0.0
   0   0   0            0.0
